115
136
185
247
288
458
492
606
796
851
880
893
991
1138
1147
1298
1534
1591
1650
1756
2104
2156
2375
2567
2676
2724
2726
2855
3217
3295
3316
3338
3360
3520
3546
3630
3747
3927
4179
4353
4408
4540
4629
4774
4861
5010
5235
5335
5596
5747
5760
5809
5889
5908
6046
6446
6450
6470
6472
6555
6579
6705
6833
6886
7234
7413
7752
8031
8074
8085
8243
8369
8451
8513
8527
8565
8617
8618
8764
8822
8908
9076
9088
9128
9185
9265
9292
9459
9504
9506
9588
9660
9980
10040
10052
10114
10155
10180
10273
10344
10622
10672
10725
10763
10881
11152
11190
11212
11273
11398
11468
11478
11664
11726
11800
12088
12110
12111
12175
12294
12328
12347
12442
12632
12761
12913
13046
13100
13306
13369
13481
13494
13554
13714
13895
13915
13932
13940
14015
14157
14176
14221
14276
14349
14375
14393
14425
14529
14628
14657
14870
14989
15059
15095
15417
15426
15437
15443
15541
15619
15625
15691
15992
16136
16181
16224
16318
16330
16446
16463
16479
16482
16526
16833
16891
17132
17165
17300
17412
17636
17785
17830
17959
18103
18128
18270
18288
18387
18524
18607
18628
18707
18985
19119
19322
19325
19410
19453
19574
19810
19955
20017
20143
20313
20332
20383
20549
20553
20606
20754
20771
20845
20873
20956
20964
21335
21470
21592
21667
21861
21942
22009
22092
22488
22513
22571
22594
22682
22717
22781
22845
22960
23184
23461
23478
23598
23712
23726
23839
23884
23963
23969
24024
24111
24121
24177
24287
24362
24406
24462
24483
24575
24729
24741
24825
24887
25346
25402
25609
25888
25920
26113
26124
26166
26188
26206
26223
26279
26385
26443
26479
26537
26569
26590
26712
26869
26921
27163
27310
27368
27810
27903
27971
28125
28179
28216
28261
28375
28457
28559
28645
28668
28812
28842
28895
28913
28951
29011
29057
29061
29178
29198
29200
29314
29362
29380
29837
29839
29986
30029
30176
30269
30273
30384
30405
30437
30455
30681
30823
30933
31015
31055
31070
31129
31258
31271
31339
31383
31689
31948
32006
32007
32080
32094
32184
32312
32371
32427
32665
32748
32758
32827
32896
33107
33335
33374
33510
33840
33992
34122
34358
34379
34451
34472
34499
34508
34639
34855
34921
34953
35084
35096
35102
35200
35216
35754
35787
35996
36088
36175
36202
36316
36324
36654
36832
36932
36941
36949
37243
37311
37623
37660
37881
37911
38045
38056
38156
38537
38547
38548
38674
38837
38888
38913
39298
39406
39449
39546
39591
39621
39796
39824
39891
39971
39998
40074
40117
40126
40139
40147
40394
40634
40746
40826
40918
40965
41009
41077
41081
41140
41160
41356
41377
41385
41437
41561
41733
41898
42095
42152
42448
42470
42506
42735
42856
42946
42949
43088
43143
43175
43314
43429
43543
43620
43722
43730
43881
43929
44152
44422
44462
44525
44577
44638
44665
44772
45560
45845
45891
46050
46259
46283
46314
46386
46415
46559
46570
46684
46704
46816
47044
47175
47183
47464
47494
47558
47678
47803
47828
47838
47979
48034
48086
48186
48255
48470
48604
48652
48754
48777
48951
48986
49182
49472
49489
49575
49928
49987
50003
50028
50098
50138
50303
50332
50352
50411
50414
50429
50499
50562
50623
50639
50843
50982
51132
51164
51408
51409
51550
51550
51794
51796
51875
51907
52004
52049
52056
52414
52489
52582
52637
52671
52673
53006
53148
53336
53362
53504
53540
53813
53833
54151
54278
54399
54683
54728
54729
55423
55472
55523
55648
55822
55845
55905
55960
55986
56121
56147
56161
56183
56371
56376
56417
56727
56794
56901
57168
57193
57194
57347
57421
57602
57773
57802
57874
57965
58042
58192
58270
58373
58421
58431
58820
58915
59094
59320
59447
59762
59980
60400
60461
60733
60734
60785
60927
61088
61250
61487
61514
61886
61931
62080
62149
62165
62177
62188
62328
62331
62397
62415
62467
62476
62783
62903
62940
63036
63314
63462
63496
63505
63517
63525
63533
63574
63631
63637
63839
63948
64140
64198
64253
64289
64307
64343
64380
64399
64403
64453
64534
64587
64637
64702
64747
64779
64822
64830
64846
64895
65010
65356
65525
65732
65759
65764
65889
65950
66010
66022
66152
66252
66430
66494
66601
66639
66834
67279
67439
67480
67510
67712
67773
67800
67997
68102
68177
68264
68337
68353
68379
68500
68503
68565
68647
68872
68891
68896
69044
69055
69069
69105
69274
69605
69703
69738
69796
69922
70034
70039
70139
70151
70155
70334
70354
70359
70458
70465
70509
70513
70805
70845
71306
71643
71715
71759
71817
71870
71931
72258
72350
72351
72426
72501
72545
72589
72614
72734
72786
72806
72865
72995
73019
73060
73088
73205
73339
73453
73704
73721
73766
73834
73961
73980
74095
74300
74375
74507
74556
74598
74621
75068
75150
75166
75177
75248
75455
75523
75558
75569
75571
75595
75671
75817
76246
76276
76338
76418
76424
76586
76827
76921
77055
77124
77168
77362
77426
77438
77457
77516
77598
77669
77714
77860
77890
78003
78090
78094
78150
78156
78355
78392
78580
78661
78792
78842
79069
79090
79569
79739
79747
79944
79969
80130
80229
80270
80369
80441
80441
80484
80535
80564
80640
80768
80771
80821
80833
81152
81164
81184
81237
81383
81417
81434
81567
81633
81832
81878
82217
82327
82383
82391
82468
82492
82529
82761
82885
83280
83444
83628
83808
83952
84109
84227
84457
84629
84652
84663
84676
84731
84735
84735
84805
84882
84886
84983
84999
85049
85477
85497
85573
85616
85898
86058
86362
86401
86465
86573
86607
86621
86750
86752
86844
86913
86928
86992
87504
87548
87673
87703
87916
88022
88075
88076
88416
88500
88593
88602
88640
88772
88783
88819
88857
89100
89236
89357
89405
89450
89483
89554
89559
89660
89682
89814
89944
90067
90096
90101
90108
90299
90331
90368
90499
90613
90628
90678
90692
91010
91228
91394
91407
91500
91541
91553
91566
91569
91835
92141
92442
92502
92577
92613
92763
92851
92937
93092
93115
93259
93335
93410
93498
93626
93858
93952
93976
94108
94174
94189
94203
94239
94545
94628
94683
94710
94724
94795
94914
95042
95106
95196
95287
95465
95639
95760
95811
95998
96118
96239
96284
96601
96660
96660
96667
96781
96889
96917
97022
97230
97344
97529
97608
97617
97675
97729
97905
97935
98105
98263
98334
98416
98424
98458
98511
98549
98560
98782
99009
99102
99165
99586
99668
99767
