63517
12111
80484
17132
44772
80535
23461
27971
10114
60461
34499
5809
98424
64779
50411
31689
16330
48986
65010
41081
51132
18288
62783
40139
29839
35787
70513
43881
66834
15417
42448
19955
45891
71643
24406
99165
63631
89450
115
44422
20956
72786
9128
53540
86621
27368
39796
8074
72806
34639
43088
70359
56417
77669
83444
73961
51794
86928
41385
48951
90628
84109
9265
72734
93092
15541
76338
39591
20549
83280
82217
97675
84663
1534
28842
10881
50352
28895
80229
64830
10725
52673
46570
51164
31015
30681
44638
32371
55472
27903
50028
10622
46283
20771
8369
98334
76827
80130
52489
15691
32896
85477
80369
20873
84983
67712
84805
12442
82383
25346
89814
30176
85497
10052
41140
20553
96660
31383
18607
26166
71715
87673
86607
4540
94710
90331
75671
81152
76276
12175
92851
93858
92613
56901
91566
91553
16479
16463
92577
8527
4179
55845
36941
47838
93259
40634
69055
71931
34472
1756
93335
16833
28559
13915
21592
17412
63462
49489
29837
55523
50843
58042
73019
20313
42095
13100
64140
492
63533
62476
10180
12110
48034
16181
11478
2156
56121
6833
73453
58270
73339
61487
49987
97905
42735
30933
36324
6470
41356
32758
55986
43314
37911
77860
41009
36832
75068
66601
87703
45560
4353
60400
81164
70805
64198
57347
20964
68177
32427
26279
47678
20332
3295
82761
65356
1298
36175
22571
78580
83952
98105
63496
14375
16526
75595
84676
79069
21470
62467
94189
8085
50562
39971
247
2676
63839
53006
9076
11800
86752
52004
23478
9588
39891
13895
70039
39298
28668
77516
40117
43143
26569
28951
89944
74095
84886
50499
8618
90499
54278
3316
29198
67279
9088
48255
27810
18524
24024
22009
28375
15437
64637
76418
6472
880
17959
57602
64846
47175
7752
48604
35216
77362
9980
24287
46259
71759
8451
70465
86058
11468
8031
606
78792
68379
53362
62903
90067
37243
84735
68102
73060
19574
99586
84227
68500
11398
78003
38156
75558
17300
73721
35996
17785
11726
68264
64289
38547
95196
35200
62331
73766
47828
63948
62177
66252
65525
48086
77457
5596
75166
51875
84652
288
64343
30455
81237
14657
28457
94174
23963
32184
33374
75523
47464
38913
15426
78392
38548
55905
92141
63637
94683
88076
36932
52414
26590
98263
78842
9292
74300
59980
24483
851
93626
90101
63505
12294
35754
13554
11152
44525
86465
66152
61931
7234
53504
98782
76921
69703
90692
6450
3927
30384
25609
69044
34451
18707
14015
57194
34379
48186
78661
26223
46314
98549
2724
93952
50639
16446
38837
73980
89682
89236
63525
15095
4774
64403
53833
79569
9506
58373
88022
78355
24177
22781
75455
69605
26188
13714
2104
18387
29057
39998
37623
10155
88772
50303
87504
8243
50332
55648
89554
46559
89660
73834
47803
52637
76424
25402
68896
3360
81878
6886
16136
25888
82492
16482
24575
69738
64895
9660
26869
92442
20606
17830
24121
20845
30029
71870
98511
72865
74375
34122
5235
50414
81434
57421
136
43175
6555
57773
56371
15059
73704
8513
98560
80441
53148
38056
36088
15625
32094
40826
8565
92502
42506
91500
65950
66010
46386
86401
93410
94724
42949
22682
56727
24825
54399
65889
87916
21667
67439
49575
52671
90299
56183
96781
41377
86573
88783
52582
3630
83808
24887
69274
2567
26537
43929
91394
99767
72426
5335
46415
94108
96284
30823
58820
28645
5889
16318
70151
48470
98416
26385
65732
39449
68353
97617
79944
2855
63036
79090
76246
24111
70354
67773
75571
75248
14628
54683
37311
50098
31339
83628
80771
68891
89100
38537
71817
4629
28179
17636
89357
77438
88857
23184
29380
35102
10040
93976
458
88075
88819
34508
13940
95465
5010
49472
74507
4861
31258
75150
32312
33335
68872
10344
66639
39546
72350
88602
32827
77598
51409
796
19119
42152
68337
72545
28216
11273
80640
24462
19453
68565
14176
94914
21861
39406
90368
84731
55822
7413
72589
91228
81567
86750
41437
34953
26479
13494
56376
46684
29986
84999
12088
74556
84735
20017
51907
91541
45845
34358
57802
32080
26206
26921
96667
63314
95106
49182
66022
1147
49928
87548
48754
14276
36202
22488
56147
20383
50003
40918
11212
67800
68503
69069
185
13306
19410
61886
99102
52049
18128
32007
64453
29200
72614
26443
62188
64534
80270
62328
97729
50982
18628
14425
1138
46050
62149
6579
16224
61088
41160
96889
40126
67510
95760
62080
60785
81383
67480
80441
43730
58192
14529
84629
26712
28125
32665
5760
91010
28913
13046
58421
91569
47979
70845
22594
44665
68647
33992
62940
91407
26113
90096
88500
78150
18103
51408
96601
20754
82391
12632
63574
48652
48777
44462
41898
56794
96660
86913
98458
28812
991
80821
81832
33107
29178
3338
37881
35084
59447
53813
2375
13369
27163
70139
86992
15619
69796
42470
40746
40394
33510
31129
12761
85573
24741
88640
64253
60927
38674
31948
77714
22717
73205
10273
89483
51550
41733
66430
28261
61250
31055
95042
76586
96118
11664
59762
84882
46704
96917
43429
58431
90108
64822
70034
6446
39824
1591
55423
89405
72258
99668
14870
25920
82327
44577
79969
23598
8908
54729
54728
79739
62415
96239
71306
57168
81417
80833
89559
78094
42946
69105
21335
94628
52056
43620
50429
88416
40147
86844
62165
23839
8764
97344
92763
29314
65759
4408
57965
9459
14157
95998
22845
97230
70509
57874
30273
39621
9185
32748
14221
73088
51796
47494
85898
85616
46816
23726
95639
81184
13481
82468
41561
59320
56161
77168
17165
97608
90678
40965
64399
78156
62397
13932
26124
30437
77426
23884
72501
72351
12913
30405
9504
18985
20143
5908
64587
94239
85049
19810
84457
24362
64747
12328
72995
14393
75817
92937
43543
8617
70334
75177
59094
14349
99009
64307
86362
24729
27310
47183
95287
10672
40074
94795
94203
64702
42856
77055
2726
70155
44152
6705
29362
38045
81633
74621
38888
893
37660
12347
65764
77890
74598
19325
54151
29011
8822
22092
82529
97022
33840
90613
61514
95811
97529
22960
77124
41077
36316
23712
88593
35096
69922
43722
79747
11190
64380
19322
6046
15443
78090
47558
75569
53336
15992
60733
51550
57193
30269
18270
66494
36654
22513
16891
93498
58915
21942
31070
29061
67997
36949
34921
3520
93115
3217
23969
50138
14989
80564
50623
32006
55960
82885
10763
47044
34855
60734
70458
5747
80768
94545
1650
3747
31271
97935
3546
91835
